-1.5997608527e+00
-1.5600246261e+00
-1.5202883995e+00
-1.4805521730e+00
-1.4408159464e+00
-1.4010797198e+00
-1.3613434932e+00
-1.3216072666e+00
-1.2818710400e+00
-1.2421348135e+00
-1.2023985869e+00
-1.1626623603e+00
-1.1229261337e+00
-1.0831899071e+00
-1.0434536806e+00
-1.0037174540e+00
-9.6398122739e-01
-9.2424500081e-01
-8.8450877423e-01
-8.4477254764e-01
-8.0503632106e-01
-7.6530009448e-01
-7.2556386790e-01
-6.8582764132e-01
-6.4609141473e-01
-6.0635518815e-01
-5.6661896157e-01
-5.2688273499e-01
-4.8714650841e-01
-4.4741028182e-01
-4.0767405524e-01
-3.6793782866e-01
-3.2820160208e-01
-2.8846537550e-01
-2.4872914892e-01
-2.0899292233e-01
-1.6925669575e-01
-1.2952046917e-01
-8.9784242588e-02
-5.0048016006e-02
-1.0311789424e-02
2.9424437158e-02
6.9160663740e-02
1.0889689032e-01
1.4863311690e-01
1.8836934349e-01
2.2810557007e-01
2.6784179665e-01
3.0757802323e-01
3.4731424981e-01
3.8705047640e-01
4.2678670298e-01
4.6652292956e-01
5.0625915614e-01
5.4599538272e-01
5.8573160930e-01
6.2546783589e-01
6.6520406247e-01
7.0494028905e-01
7.4467651563e-01
7.8441274221e-01
8.2414896880e-01
8.6388519538e-01
9.0362142196e-01
